0 0
0 1
0 2
0 3
0 4
1 0
1 1
1 2
1 3
1 4
2 0
2 1
2 2
2 3
2 4
3 0
3 1
3 2
3 3
3 4
4 0
4 1
4 2
4 3
4 4
4 26
5 0
5 1
5 2
5 3
5 4
5 19
5 20
5 21
5 22
5 23
5 24
5 25
5 26
5 27
5 28
6 0
6 1
6 2
6 3
6 19
6 20
6 21
6 22
6 23
6 24
6 25
6 26
6 27
6 28
7 0
7 1
7 2
7 3
7 10
7 11
7 19
7 20
7 21
7 22
7 23
7 24
7 25
7 26
7 27
7 28
8 0
8 1
8 2
8 3
8 19
8 20
8 21
8 22
8 23
8 24
8 25
8 26
8 27
8 28
9 0
9 1
9 2
9 3
9 19
9 20
9 21
9 22
9 23
9 24
9 25
9 26
9 27
9 28
10 0
10 1
10 2
10 19
10 20
10 21
10 22
10 23
10 24
10 25
10 26
10 27
10 28
11 0
11 1
11 2
11 19
11 20
11 21
11 22
11 23
11 24
11 25
11 26
11 27
11 28
12 0
12 1
12 2
12 19
12 20
12 21
12 22
12 23
12 24
12 25
12 26
12 27
12 28
13 0
13 1
13 2
13 19
13 20
13 21
13 22
13 23
13 24
13 25
13 26
13 27
13 28
14 0
14 1
14 2
14 11
14 12
14 23
14 24
14 25
14 26
14 27
14 28
15 0
15 1
15 23
15 24
15 25
15 26
15 27
15 28
16 0
16 1
16 23
16 24
16 25
16 26
16 27
16 28
17 0
17 1
17 23
17 24
17 25
17 26
17 27
17 28
18 0
18 1
18 23
18 24
18 25
18 26
18 27
18 28
19 0
19 1
19 16
19 17
20 0
20 1
21 0
21 1
21 2
22 0
22 1
22 2
23 0
23 1
23 2
24 0
24 1
24 2
25 0
25 1
25 2
25 26
25 27
26 0
26 1
26 2
27 0
27 1
27 2
28 0
28 1
28 2
29 0
29 1
29 2
