0 0
0 1
0 2
1 0
1 1
1 2
2 0
2 1
2 2
3 0
3 1
3 2
3 20
3 24
4 0
4 1
4 2
5 0
5 1
5 2
5 3
5 18
5 20
6 0
6 1
6 2
6 3
6 20
7 0
7 1
7 2
7 3
7 24
8 0
8 1
8 2
8 3
8 9
8 10
8 18
8 24
8 26
9 0
9 1
9 2
9 3
9 20
10 0
10 1
10 2
10 3
11 0
11 1
11 2
11 3
11 22
12 0
12 1
12 2
12 3
13 0
13 1
13 2
13 3
14 0
14 1
14 2
14 3
14 14
14 15
14 16
14 17
14 18
14 19
14 20
14 21
14 22
14 23
15 0
15 1
15 2
15 3
15 14
15 15
15 16
15 17
15 18
15 19
15 20
15 21
15 22
15 23
16 0
16 1
16 2
16 3
16 14
16 15
16 16
16 17
16 18
16 19
16 20
16 21
16 22
16 23
17 0
17 1
17 2
17 3
17 4
17 14
17 15
17 16
17 17
17 18
17 19
17 20
17 21
17 22
17 23
18 0
18 1
18 2
18 3
18 4
18 14
18 15
18 16
18 17
18 18
18 19
18 20
18 21
18 22
18 23
19 0
19 1
19 2
19 3
19 4
19 14
19 15
19 16
19 17
19 18
19 19
19 20
19 21
19 22
19 23
20 0
20 1
20 2
20 3
20 4
20 14
20 15
20 16
20 17
20 18
20 19
20 20
20 21
20 22
20 23
21 0
21 1
21 2
21 3
21 4
21 14
21 15
21 16
21 17
21 18
21 19
21 20
21 21
21 22
21 23
22 0
22 1
22 2
22 3
22 4
22 14
22 15
22 16
22 17
22 18
22 19
22 20
22 21
22 22
22 23
23 0
23 1
23 2
23 3
23 4
23 18
23 19
23 20
23 21
23 22
23 23
23 29
24 0
24 1
24 2
24 3
24 4
24 18
24 19
24 20
24 21
24 22
24 23
25 0
25 1
25 2
25 3
25 4
25 18
25 19
25 20
25 21
25 22
25 23
26 0
26 1
26 2
26 3
26 4
26 18
26 19
26 20
26 21
26 22
26 23
27 0
27 1
27 2
27 3
27 4
27 18
27 19
27 20
27 21
27 22
27 23
28 0
28 1
28 2
28 3
28 4
29 0
29 1
29 2
29 3
29 4
