3 17
5 22
8 9
8 10
8 16
8 17
8 18
8 19
8 20
8 21
8 22
9 16
9 20
9 21
9 22
10 16
10 20
10 21
10 22
11 16
12 16
13 16
13 20
13 21
13 22
14 16
14 20
14 21
14 22
15 16
15 17
15 18
15 20
15 21
15 22
16 16
16 17
16 20
16 21
16 22
16 23
16 24
16 25
16 26
17 16
17 17
17 18
17 20
17 21
17 22
17 23
17 24
17 25
17 26
18 16
18 20
18 21
18 22
18 23
18 24
18 25
19 16
19 20
19 21
19 22
19 23
19 24
19 25
19 26
20 5
20 6
20 16
20 20
20 21
20 22
21 16
21 17
21 20
21 21
21 22
21 23
21 24
21 25
22 16
22 17
22 20
22 21
22 22
22 23
22 24
22 25
23 16
23 17
23 18
23 19
23 20
23 21
23 22
23 23
23 24
23 25
