0 0
0 1
0 2
0 3
0 4
0 5
0 14
0 15
1 0
1 1
1 2
1 3
1 4
1 5
1 9
1 10
1 18
1 19
2 0
2 1
2 2
2 3
2 4
2 5
2 24
2 25
3 0
3 1
3 2
3 3
3 4
3 5
3 21
3 22
4 0
4 1
4 2
4 3
4 4
4 13
4 14
4 16
4 17
4 25
4 26
5 0
5 1
5 2
5 3
5 4
5 8
5 9
6 0
6 1
6 2
6 3
6 4
6 21
6 22
6 24
6 25
7 0
7 1
7 2
7 3
7 4
7 13
7 14
7 17
7 18
8 0
8 1
8 2
8 3
8 4
8 9
8 10
8 25
8 26
9 0
9 1
9 2
9 3
9 4
9 20
9 21
10 0
10 1
10 2
10 3
10 24
10 25
11 0
11 1
11 2
11 3
11 12
11 13
11 24
11 25
12 0
12 1
12 2
12 3
12 8
12 9
12 17
12 18
13 0
13 1
13 2
13 3
13 25
13 26
14 0
14 1
14 2
14 3
15 0
15 1
15 2
15 3
15 11
15 12
15 20
15 21
16 0
16 1
16 2
16 3
16 7
16 8
16 25
16 26
17 0
17 1
17 2
17 3
17 16
17 17
18 0
18 1
18 2
18 3
18 25
18 26
19 0
19 1
19 2
19 3
19 20
19 21
20 0
20 1
20 2
20 3
20 6
20 7
21 0
21 1
21 2
21 3
21 26
21 27
22 0
22 1
22 2
22 3
22 14
22 15
23 0
23 1
23 2
23 14
23 15
23 20
23 21
23 24
23 25
24 0
24 1
24 2
24 5
24 6
24 15
24 26
24 27
25 0
25 1
25 5
25 6
26 0
26 1
27 0
27 1
27 9
27 10
27 14
27 15
27 16
27 17
27 19
27 20
27 24
27 25
27 27
27 28
28 0
28 9
28 10
29 0
29 5
29 6
29 27
29 28
