0 7
0 18
0 22
0 23
0 24
0 25
0 26
0 27
0 28
1 3
1 4
1 5
1 6
1 7
1 20
1 22
1 23
1 24
1 25
1 26
1 27
1 28
2 3
2 4
2 5
2 6
2 7
2 9
2 14
2 15
2 16
2 17
2 18
2 22
2 23
2 24
2 25
2 26
2 27
2 28
3 3
3 4
3 5
3 6
3 7
3 14
3 15
3 16
3 17
3 18
3 22
3 23
3 24
3 25
3 26
3 27
3 28
4 3
4 4
4 5
4 6
4 7
4 14
4 15
4 16
4 17
4 18
4 22
4 23
4 24
4 25
4 26
4 27
4 28
5 3
5 4
5 5
5 6
5 7
5 14
5 15
5 16
5 17
5 18
5 22
5 23
5 24
5 25
5 26
5 27
5 28
6 3
6 4
6 5
6 6
6 7
7 5
7 6
10 18
11 14
11 15
11 16
11 17
11 18
11 19
11 20
12 14
12 15
12 16
12 17
12 18
12 19
12 20
12 25
13 14
13 15
13 16
13 17
13 18
13 19
13 20
14 14
14 15
14 16
14 17
14 18
14 19
14 20
15 5
15 14
15 15
15 16
15 17
15 18
15 19
15 20
16 2
16 3
16 4
16 5
16 6
16 7
16 8
16 9
16 10
16 14
16 15
16 16
16 17
16 18
16 19
16 20
17 2
17 10
17 15
17 16
18 2
18 4
18 6
18 8
18 10
18 25
18 27
19 2
19 10
19 25
19 26
19 27
19 28
19 29
20 2
20 4
20 6
20 8
20 25
20 26
20 27
20 28
20 29
21 2
21 25
21 26
21 27
21 28
21 29
22 2
22 4
22 6
22 8
22 10
22 25
22 26
22 27
22 28
22 29
23 2
23 10
23 18
23 25
23 26
23 27
23 28
23 29
24 2
24 4
24 6
24 8
24 10
24 18
24 25
24 26
24 27
24 28
24 29
25 2
25 3
25 4
25 5
25 6
25 7
25 8
25 9
25 10
25 25
25 26
25 27
25 28
25 29
26 9
26 10
26 25
26 26
26 27
26 28
26 29
28 5
