2 17
2 18
2 26
2 27
8 5
8 6
16 3
16 4
16 5
16 6
16 7
16 8
16 9
16 10
16 11
16 12
16 13
16 14
16 15
16 16
16 17
16 18
16 19
16 20
16 21
16 26
16 27
16 28
16 29
17 3
18 3
19 3
19 28
19 29
20 3
21 3
22 3
22 7
22 8
22 9
22 10
22 11
22 12
22 13
23 3
23 7
23 8
23 9
23 10
23 11
23 12
23 13
24 3
24 7
24 8
24 9
24 10
24 11
24 12
24 13
25 3
25 7
25 8
25 9
25 10
25 11
25 12
25 13
26 3
26 7
26 8
26 9
26 10
26 11
26 12
26 13
27 3
27 7
27 8
27 9
27 10
27 11
27 12
27 13
27 16
27 17
28 3
28 7
28 8
28 9
28 10
28 11
28 12
28 13
29 3
29 7
29 8
29 9
29 10
29 11
29 12
29 13
