0 3
0 7
0 8
0 9
0 10
0 11
0 12
0 13
0 28
0 29
3 3
3 24
3 25
4 3
5 3
6 3
7 3
7 29
8 3
8 26
8 27
8 28
8 29
9 3
9 7
9 8
9 21
9 22
9 26
9 27
9 28
9 29
10 3
10 26
10 27
10 28
10 29
11 3
11 26
11 27
11 28
11 29
12 3
12 26
12 27
12 28
12 29
13 3
13 26
13 27
13 28
13 29
14 3
14 5
14 6
14 8
14 9
14 26
14 27
14 28
14 29
15 3
15 26
15 27
15 28
15 29
16 3
16 6
16 7
16 26
16 27
16 28
16 29
17 3
17 26
17 27
17 28
17 29
18 3
18 5
18 6
18 8
18 9
18 26
18 27
18 28
18 29
19 3
19 26
19 27
19 28
19 29
20 3
20 13
20 14
20 26
20 27
20 28
20 29
21 3
21 26
21 27
21 28
21 29
22 3
22 26
22 27
22 28
22 29
23 3
23 19
23 20
23 26
23 27
23 28
23 29
24 3
24 26
24 27
24 28
24 29
25 3
25 26
25 27
25 28
25 29
26 0
26 1
26 2
26 3
26 26
26 27
26 28
26 29
27 0
27 1
27 2
27 3
27 26
27 27
27 28
27 29
28 3
28 9
28 10
28 11
28 12
28 13
28 14
28 15
28 16
28 17
28 18
28 19
28 20
28 21
28 22
28 23
28 24
28 25
28 26
28 27
28 28
28 29
29 3
29 8
29 9
29 10
29 11
29 12
29 13
29 14
29 15
29 16
29 17
29 18
29 19
29 20
29 21
29 22
29 23
29 24
29 25
29 26
29 27
29 28
29 29
