0 3
0 8
0 9
0 10
0 11
0 12
0 13
0 14
0 15
0 16
0 17
0 18
0 19
0 20
0 21
0 22
0 23
0 24
0 25
0 26
0 27
0 28
0 29
1 3
1 8
1 9
1 10
1 11
1 12
1 13
1 14
1 15
1 16
1 17
1 18
1 19
1 20
1 21
1 22
1 23
1 24
1 25
1 26
1 27
1 28
1 29
2 3
2 7
2 8
2 9
2 10
2 11
2 12
2 13
2 14
2 15
2 16
2 17
2 18
2 19
2 20
2 21
2 22
2 23
2 24
2 25
2 26
2 27
2 28
2 29
3 3
3 7
3 8
3 9
3 10
3 11
3 12
3 13
3 14
3 15
3 16
3 17
3 18
3 19
4 3
4 7
4 8
4 9
4 10
4 11
4 12
4 13
4 14
4 15
4 16
4 17
4 18
4 19
5 3
5 7
5 8
5 9
5 10
5 11
5 12
5 13
5 14
5 15
5 16
5 17
5 18
5 19
6 3
6 7
6 8
6 9
6 10
6 11
6 12
6 13
6 14
6 15
6 16
6 17
7 3
7 7
7 8
7 9
7 10
7 11
7 12
7 13
7 14
7 15
7 16
7 17
7 18
7 19
8 3
8 7
8 8
8 9
8 10
8 11
8 12
8 13
8 14
8 15
8 16
8 17
8 18
8 19
9 3
9 7
9 8
9 9
9 10
9 11
9 12
9 13
9 14
9 15
9 16
9 17
9 18
9 19
10 3
10 7
10 8
10 9
10 10
10 11
10 12
10 13
10 14
10 15
10 16
10 17
10 18
10 19
10 20
10 21
10 22
10 23
10 24
10 25
10 26
10 27
10 28
10 29
11 3
11 8
11 9
11 10
11 11
11 12
11 13
11 14
11 15
11 16
11 17
11 18
11 19
11 20
11 21
11 22
11 23
11 24
11 25
11 26
11 27
11 28
11 29
12 3
12 8
12 9
12 10
12 11
12 12
12 13
12 14
12 15
12 16
12 17
12 18
12 19
12 20
12 21
12 22
12 23
12 24
12 25
12 26
12 27
12 28
12 29
13 3
13 8
13 9
13 10
13 11
13 12
13 13
13 14
13 15
13 16
13 17
13 18
13 19
13 20
13 21
13 22
13 23
13 24
13 25
13 26
13 27
13 28
13 29
14 3
14 9
14 10
14 11
14 12
14 13
14 14
14 15
14 16
14 17
14 18
14 19
14 20
14 21
14 22
14 23
14 24
14 25
14 26
14 27
14 28
14 29
15 3
15 26
15 27
15 28
15 29
16 3
16 26
16 27
16 28
16 29
17 3
17 26
17 27
17 28
17 29
18 3
18 26
18 27
18 28
18 29
19 3
19 18
19 19
19 26
19 27
19 28
19 29
20 3
20 18
20 19
20 20
20 21
20 26
20 27
20 28
20 29
21 3
21 18
21 19
21 20
21 21
21 26
21 27
21 28
21 29
22 9
22 10
22 13
22 14
22 18
22 19
22 20
22 21
22 26
22 27
22 28
22 29
23 18
23 19
23 20
23 26
23 27
23 28
23 29
24 18
24 19
24 20
24 21
24 26
24 27
24 28
24 29
25 3
25 9
25 10
25 13
25 14
25 18
25 19
25 20
25 21
25 26
25 27
25 28
25 29
26 3
26 18
26 19
26 20
26 21
26 26
26 27
26 28
26 29
27 3
27 18
27 19
27 20
27 21
27 26
27 27
27 28
27 29
28 3
28 26
28 27
28 28
28 29
29 3
29 7
29 15
29 26
29 27
29 28
29 29
