0 3
0 7
0 15
0 20
0 21
0 26
0 27
0 28
0 29
1 3
1 4
1 11
1 12
1 26
1 27
1 28
1 29
2 3
2 4
2 11
2 12
2 26
2 27
2 28
2 29
3 3
3 4
3 7
3 11
3 12
3 15
3 26
3 27
3 28
3 29
4 3
4 4
4 7
4 15
4 26
4 27
4 28
4 29
5 3
5 4
5 29
6 3
6 4
7 3
7 4
8 3
8 4
8 10
8 11
8 12
8 13
8 14
8 15
8 22
8 23
9 3
9 4
9 10
9 11
9 12
9 13
9 14
9 15
10 3
10 4
11 3
11 4
12 3
12 4
13 3
13 4
14 3
14 4
15 3
15 4
15 19
15 20
16 3
16 4
16 7
16 8
17 3
17 4
18 3
18 4
18 13
18 14
19 3
19 4
20 3
20 4
20 29
21 3
21 4
22 3
22 4
22 7
22 8
22 24
22 25
23 3
23 4
23 15
23 16
24 3
24 4
25 3
25 4
25 11
25 12
26 3
26 4
27 3
27 4
28 3
28 4
28 5
28 6
28 7
28 8
28 9
28 10
28 11
28 12
28 13
28 14
28 15
28 16
28 17
28 18
28 19
28 20
28 21
28 22
28 23
28 24
