0 0
0 1
0 2
0 3
0 4
0 5
0 6
0 7
0 8
0 9
0 10
0 11
0 12
0 13
0 14
0 15
0 16
0 17
0 18
0 19
0 20
0 21
0 22
0 23
0 24
0 25
0 26
0 27
0 28
0 29
1 0
1 1
1 2
1 3
1 4
1 5
1 6
1 7
1 8
1 9
1 10
1 11
1 12
1 13
1 14
1 15
1 16
1 17
1 18
1 19
1 20
1 21
1 22
1 23
1 24
1 25
1 26
1 27
1 28
1 29
2 0
2 1
2 2
2 3
2 4
2 5
2 6
2 7
2 8
2 9
2 10
2 11
2 12
2 13
2 14
2 15
2 16
2 17
2 18
2 19
2 20
2 21
2 22
2 23
2 24
2 25
2 26
2 27
2 28
2 29
3 0
3 1
3 2
3 3
3 4
3 5
3 6
3 7
3 8
3 9
3 10
3 11
3 12
3 13
3 14
3 15
3 16
3 17
3 18
3 19
3 20
3 21
3 22
3 23
3 24
3 25
3 26
3 27
3 28
3 29
4 0
4 1
4 2
4 3
4 4
4 5
4 6
4 7
4 8
4 9
4 10
4 11
4 12
4 13
4 14
4 15
4 16
4 17
4 18
4 19
4 20
4 21
4 22
4 23
4 24
4 25
4 26
4 27
4 28
4 29
5 0
5 3
5 7
5 11
5 12
5 13
5 14
5 15
5 16
5 17
5 18
5 19
5 20
5 21
5 22
5 23
5 24
5 25
5 26
5 27
5 28
5 29
7 2
7 4
7 6
7 7
7 9
7 10
7 19
7 20
7 23
7 24
8 12
8 13
8 16
8 17
8 19
8 20
8 26
8 27
9 1
9 4
9 5
9 7
9 8
9 21
9 23
9 24
10 10
10 11
10 14
10 15
10 23
10 24
11 0
11 2
11 3
11 6
11 7
11 17
11 18
11 20
11 21
12 10
12 11
12 13
12 14
12 17
12 18
12 24
12 25
13 3
13 4
13 5
13 6
13 7
13 8
13 9
13 10
13 21
13 22
14 3
14 6
14 10
15 1
15 2
15 3
15 10
16 3
16 10
16 11
17 3
17 11
18 3
18 5
18 6
18 7
18 8
18 9
18 11
18 15
18 16
19 3
19 5
19 6
19 7
19 8
19 9
20 3
20 5
20 6
20 7
20 8
20 9
20 10
21 3
21 5
21 6
21 7
21 8
21 9
21 10
22 3
22 5
22 6
22 7
22 8
22 9
22 10
23 3
23 5
23 6
23 7
23 8
23 9
23 10
23 14
23 15
23 16
23 17
23 18
23 19
24 3
24 14
24 15
24 16
24 17
24 18
24 19
25 3
25 4
25 5
25 6
25 7
25 8
25 9
25 10
25 11
25 14
25 15
25 16
25 17
25 18
25 19
26 19
26 26
26 27
27 10
