4 20
5 16
5 17
5 18
5 19
5 20
6 4
6 5
6 6
6 7
6 8
6 9
6 10
6 11
6 12
6 13
6 14
6 15
6 16
7 4
7 19
8 4
8 12
8 13
8 19
9 3
9 4
9 12
9 13
9 14
9 15
9 19
10 3
10 11
10 12
10 13
10 15
10 16
10 19
10 28
10 29
11 1
11 2
11 3
11 4
11 5
11 6
11 7
11 8
11 9
11 10
11 11
11 12
11 16
11 17
11 18
11 19
11 27
11 28
12 3
12 12
12 13
12 17
12 18
12 26
12 27
13 3
13 13
13 16
13 17
13 18
13 19
13 25
13 26
14 3
14 4
14 7
14 8
14 13
14 15
14 16
14 19
14 20
14 25
15 4
15 6
15 7
15 13
15 14
15 15
15 20
15 21
15 25
15 29
16 4
16 5
16 6
16 13
16 14
16 21
16 25
16 28
16 29
17 21
17 24
17 25
17 27
17 28
17 29
18 20
18 21
18 24
18 25
18 27
18 28
18 29
19 20
19 24
19 26
19 27
19 28
19 29
20 24
20 25
20 26
20 27
20 28
20 29
21 24
21 25
21 26
21 27
21 28
21 29
22 24
22 25
22 26
22 27
22 28
22 29
23 14
23 15
23 16
23 17
23 24
23 25
23 26
23 27
23 28
23 29
24 10
24 11
24 12
24 13
24 14
24 16
24 17
24 24
24 25
24 26
24 27
24 28
24 29
25 7
25 8
25 9
25 15
25 16
25 24
25 25
25 26
25 27
25 28
25 29
26 5
26 6
26 7
26 14
26 15
26 24
26 25
26 26
26 27
26 28
26 29
27 5
27 6
27 7
27 8
27 9
27 10
27 11
27 12
27 13
27 24
27 25
27 26
27 27
27 28
27 29
28 13
28 14
28 15
28 16
28 17
28 22
28 23
28 24
28 25
28 26
28 27
28 28
28 29
29 17
29 18
29 19
29 20
29 21
29 22
29 23
29 24
29 25
29 26
29 27
29 28
29 29
