0 20
0 21
0 26
0 27
7 13
7 14
7 15
7 16
7 17
7 18
7 19
7 20
7 21
8 13
8 14
8 15
8 17
8 19
8 20
8 21
9 13
10 13
11 3
11 4
11 13
11 14
11 15
11 16
12 13
12 14
12 15
12 16
12 19
12 20
12 21
13 13
13 14
13 15
13 16
13 17
13 19
13 20
13 21
14 13
14 14
14 15
14 16
14 17
14 19
14 20
14 21
15 3
15 4
15 13
15 14
15 15
15 16
15 17
15 19
15 20
15 21
16 7
16 8
16 13
16 14
16 15
16 16
16 17
16 19
16 20
16 21
17 0
17 1
17 13
17 14
17 19
17 20
17 21
17 25
17 26
18 4
18 5
18 14
18 15
18 19
18 20
18 21
19 15
19 16
19 17
19 18
19 19
19 20
19 21
20 1
20 2
20 16
20 17
20 19
20 20
20 21
21 5
21 6
21 17
21 18
21 19
21 20
21 21
24 26
24 27
26 9
26 10
26 20
26 21
