2 3
2 4
2 17
4 23
4 24
6 13
6 14
8 6
8 7
14 10
14 11
14 12
14 13
14 14
14 15
14 16
14 17
14 18
14 19
14 20
14 21
14 22
14 23
14 24
15 10
15 11
15 13
15 14
15 15
15 17
15 18
15 20
15 21
15 23
15 24
16 10
16 11
16 13
16 14
16 15
16 17
16 18
16 20
16 21
16 23
16 24
17 6
17 7
17 10
17 11
17 13
17 14
17 15
17 17
17 18
17 20
17 21
17 23
17 24
18 10
18 13
18 14
18 15
18 17
18 18
18 23
18 24
19 10
19 17
19 18
19 20
19 21
19 23
19 24
20 10
20 13
20 14
20 15
20 17
20 18
20 20
20 21
20 23
20 24
21 3
21 4
21 10
21 13
21 14
21 15
21 17
21 18
21 20
21 21
22 9
22 10
22 11
22 13
22 14
22 15
22 17
22 18
22 20
22 21
23 10
23 13
23 14
23 15
23 20
23 21
23 23
23 24
24 9
24 10
24 11
24 13
24 14
24 15
24 17
24 18
24 20
24 21
24 23
24 24
25 10
25 13
25 14
25 15
25 17
25 18
25 20
25 21
25 23
25 24
26 9
26 10
26 11
26 13
26 14
26 15
26 17
26 18
26 20
26 21
26 23
26 24
27 10
27 13
27 14
27 15
27 17
27 18
27 20
27 21
27 23
27 24
28 10
28 13
28 14
28 15
28 17
28 18
28 20
28 21
28 23
28 24
29 10
29 11
29 12
29 13
29 14
29 15
29 16
29 17
29 18
29 19
29 20
29 21
29 22
29 23
29 24
