1 6
1 7
5 25
6 5
6 14
6 15
7 0
7 1
8 0
8 1
8 2
8 3
9 0
9 1
9 2
9 3
9 4
10 0
10 1
10 2
10 3
10 4
11 0
11 1
11 2
11 3
11 4
11 15
12 0
12 1
12 2
12 3
12 4
12 23
12 24
13 0
13 1
13 2
13 3
13 4
14 0
14 1
14 2
14 3
14 4
14 12
14 13
15 0
15 1
15 2
15 3
15 4
16 0
16 1
16 2
16 3
16 4
17 0
17 1
17 2
17 3
17 4
18 0
18 1
18 2
18 3
18 4
18 5
18 11
19 0
19 1
19 2
19 3
19 4
19 5
19 7
19 8
20 0
20 1
20 2
20 3
20 4
20 5
20 7
20 8
21 0
21 1
21 2
21 3
21 4
21 5
22 0
22 1
22 2
22 3
22 4
22 8
22 10
23 0
23 1
23 2
23 3
23 4
23 8
24 0
24 1
24 2
24 3
24 4
24 7
24 8
24 10
25 0
25 1
25 2
25 3
25 4
25 5
26 0
26 1
26 2
26 3
26 4
26 5
27 0
27 1
27 2
27 3
27 4
28 0
28 1
28 2
28 3
28 4
29 0
29 1
29 2
29 3
29 4
