0 20
0 21
0 22
0 23
0 24
0 25
0 29
1 20
1 21
1 22
1 23
1 24
1 25
2 20
2 21
2 22
2 23
2 24
2 25
3 19
3 20
3 21
3 22
3 23
3 24
3 25
4 19
4 20
4 21
4 22
4 23
4 24
4 25
5 5
5 6
5 7
5 8
5 9
5 19
5 20
5 21
5 22
5 23
5 24
5 25
6 5
6 9
6 19
6 20
6 21
6 22
6 23
6 24
6 25
6 26
7 5
7 9
8 5
9 5
10 5
10 9
11 5
11 6
11 7
11 9
12 5
12 6
12 7
12 8
12 9
15 18
15 19
17 3
17 4
17 28
17 29
18 28
19 28
20 28
20 29
21 9
21 10
21 28
21 29
22 15
22 16
22 28
22 29
23 5
23 6
23 28
23 29
24 21
24 22
24 28
24 29
25 12
25 13
25 28
25 29
26 17
26 18
26 28
27 5
27 6
27 28
28 23
28 24
28 28
29 9
29 10
29 13
29 14
29 28
