1 12
1 13
1 19
1 20
5 20
5 21
5 22
5 23
5 24
5 25
5 26
5 27
5 28
5 29
6 5
6 6
6 20
6 21
6 22
6 23
6 24
6 25
6 26
6 27
7 20
7 21
7 22
7 23
7 24
7 25
7 26
7 27
8 12
8 13
8 18
8 19
8 20
8 21
8 22
8 23
8 24
8 25
8 26
8 27
9 20
9 21
9 22
9 23
9 24
9 25
9 26
10 20
10 21
10 22
10 23
10 24
10 25
11 6
11 7
11 12
11 13
11 20
11 21
11 22
11 23
11 24
11 25
12 20
12 21
12 22
12 23
12 24
12 25
13 20
13 21
13 22
13 23
13 24
13 25
13 26
14 20
14 21
14 22
14 23
14 24
14 25
14 26
14 27
15 20
15 21
15 22
15 23
15 24
15 25
15 26
15 27
16 20
16 21
16 22
16 23
16 24
16 25
16 26
16 27
17 14
17 15
17 20
17 26
17 27
18 3
18 4
18 20
19 20
20 20
20 23
20 24
20 25
20 26
20 27
20 28
21 6
21 7
21 20
21 21
21 22
21 23
21 24
21 25
21 26
21 27
21 28
22 14
22 15
22 16
22 20
22 21
22 22
22 23
22 24
22 25
22 26
22 27
22 28
22 29
23 20
23 21
23 22
23 23
23 24
23 25
23 26
23 27
23 28
23 29
24 20
24 21
24 22
24 23
24 24
24 25
24 26
24 27
24 28
24 29
25 13
25 14
25 20
25 21
25 22
25 23
25 24
25 25
25 26
25 27
25 28
25 29
26 6
26 7
26 20
26 21
26 22
26 23
26 24
26 25
26 26
26 27
26 28
26 29
27 20
27 21
27 22
27 23
27 24
27 25
27 26
27 27
27 28
27 29
28 20
28 21
28 22
28 23
28 24
28 25
28 26
28 27
28 28
28 29
