0 7
0 28
0 29
1 17
1 28
1 29
2 28
2 29
3 28
3 29
4 0
4 1
4 2
4 3
4 4
4 5
4 6
4 7
4 8
4 9
4 12
4 13
4 28
4 29
5 0
5 1
5 2
5 3
5 4
5 5
5 6
5 7
5 8
5 9
6 0
6 1
6 2
6 3
6 4
6 5
6 6
6 7
6 8
6 9
6 10
6 11
6 12
6 13
7 0
7 1
7 2
7 3
7 4
7 5
7 6
7 7
7 8
7 9
7 10
7 11
7 12
7 13
7 14
7 15
7 16
7 17
7 18
7 19
7 20
7 21
7 22
7 23
7 24
7 25
7 26
7 27
7 28
7 29
8 0
8 1
8 2
8 3
8 4
8 5
8 6
8 7
8 8
8 9
8 10
8 11
8 12
8 13
8 14
8 15
8 16
8 17
8 18
8 19
8 20
8 21
8 22
8 23
8 24
8 25
8 26
8 27
8 28
8 29
9 0
9 1
9 2
9 3
9 4
9 5
9 6
9 7
9 8
9 9
9 10
9 11
9 12
9 13
9 14
9 15
9 16
9 17
9 18
9 19
9 20
9 21
9 22
9 23
9 24
9 25
9 26
9 27
9 28
9 29
10 0
10 1
10 2
10 3
10 4
10 5
10 6
10 7
10 8
10 9
10 10
10 11
10 12
10 13
10 14
10 15
10 16
10 17
10 18
10 19
10 20
10 21
10 22
10 23
10 24
10 25
10 26
10 27
10 28
10 29
11 0
11 1
11 2
11 3
11 4
11 5
11 6
11 7
11 8
11 9
11 10
11 11
11 12
11 13
11 14
11 15
11 26
11 27
11 28
11 29
12 0
12 1
12 2
12 3
12 4
12 5
12 6
12 7
12 8
12 9
13 0
13 1
13 2
13 3
13 4
13 5
13 6
13 7
13 8
13 9
13 12
13 13
14 29
15 28
15 29
16 28
16 29
17 28
17 29
18 28
18 29
21 20
23 25
23 26
24 2
24 3
24 25
24 26
26 10
26 11
27 10
27 11
27 15
27 16
28 15
28 16
