0 0
0 1
0 2
0 3
0 4
0 5
0 6
0 7
0 8
0 9
0 10
0 11
0 12
0 13
0 14
0 15
0 16
0 17
0 18
0 19
0 20
0 21
0 22
0 23
0 24
0 25
0 26
0 27
0 28
0 29
1 0
1 1
1 2
1 3
1 4
1 5
1 6
1 7
1 8
1 9
1 10
1 11
1 12
1 13
1 14
1 15
1 16
1 17
1 18
1 19
1 20
1 21
1 22
1 23
1 24
1 25
1 26
1 27
1 28
1 29
2 0
2 1
2 2
2 3
2 4
2 5
2 6
2 7
2 8
2 9
2 10
2 11
2 12
2 13
2 14
2 15
2 16
2 17
2 18
2 19
2 20
2 21
2 22
2 23
2 24
2 25
2 26
2 27
2 28
2 29
3 0
3 1
3 2
3 3
3 4
3 5
3 6
3 7
3 8
3 9
3 10
3 11
3 12
3 13
3 14
3 15
3 16
3 17
3 18
3 19
3 20
3 21
3 22
3 23
3 24
3 25
3 26
3 27
3 28
3 29
4 0
4 1
4 2
4 3
4 4
4 5
4 6
4 7
4 8
4 9
4 10
4 11
4 12
4 13
4 14
4 15
4 16
4 17
4 18
4 19
4 20
4 21
4 22
4 23
4 24
4 25
4 26
4 27
4 28
4 29
5 0
5 1
5 2
5 3
5 4
5 5
5 6
5 7
5 8
5 9
5 10
5 11
5 12
5 13
5 14
5 15
5 16
5 17
5 18
5 19
5 20
5 21
5 22
5 23
5 24
5 25
5 26
5 27
5 28
5 29
6 0
6 1
6 2
6 3
6 4
6 5
6 6
6 7
6 8
6 9
6 10
6 11
6 12
6 13
6 14
6 15
6 16
6 17
6 18
6 19
6 20
7 0
7 1
7 2
7 3
7 4
7 5
7 6
7 7
7 8
7 9
7 10
7 11
7 12
8 0
8 1
8 2
8 3
8 4
10 13
10 14
10 15
10 16
10 17
10 18
10 19
10 20
10 21
10 22
10 23
10 24
10 25
11 13
11 25
12 13
12 25
13 0
13 13
13 25
14 0
14 13
14 20
14 25
15 0
15 17
15 18
15 19
15 20
15 21
15 25
16 0
16 17
16 18
16 19
16 20
16 21
16 25
17 0
17 16
17 17
17 18
17 19
17 20
17 21
17 22
17 25
18 0
18 13
18 16
18 17
18 18
18 19
18 20
18 21
18 22
18 25
19 0
19 12
19 13
19 16
19 17
19 18
19 19
19 20
19 21
19 22
19 25
20 0
20 13
20 16
20 17
20 18
20 19
20 20
20 21
20 22
20 25
21 0
21 13
21 16
21 17
21 18
21 19
21 20
21 21
21 22
21 25
22 0
22 13
22 16
22 17
22 18
22 19
22 20
22 21
22 22
22 25
23 0
23 13
23 14
23 20
23 21
23 25
24 0
24 9
24 10
24 11
24 12
24 13
24 14
24 15
24 16
24 17
24 18
24 19
24 20
24 21
24 22
24 23
24 24
24 25
25 9
25 20
25 21
26 9
26 20
26 21
27 9
27 21
28 12
28 13
28 14
28 15
28 16
28 21
29 12
29 13
29 14
29 15
29 16
29 21
