0 11
0 12
0 13
0 14
0 15
0 16
0 17
0 21
1 9
1 11
1 12
1 13
1 14
1 15
1 16
1 17
1 21
2 8
2 9
2 11
2 12
2 13
2 14
2 15
2 16
2 17
2 21
3 9
3 11
3 12
3 13
3 14
3 15
3 16
3 17
3 21
4 5
4 9
4 11
4 12
4 13
4 14
4 15
4 16
4 17
4 21
5 9
5 11
5 12
5 13
5 14
5 15
5 16
5 17
5 21
6 9
6 15
6 16
6 20
6 21
6 24
6 25
6 26
6 27
7 9
7 10
7 11
7 12
7 13
7 14
7 15
7 16
7 17
7 18
7 19
7 20
7 21
7 24
7 25
7 26
7 27
8 24
8 25
8 26
8 27
10 5
10 21
10 22
11 17
11 21
11 24
12 17
12 21
12 24
12 26
13 24
13 26
14 20
15 22
17 0
17 1
17 2
17 3
17 4
17 5
17 6
17 7
17 8
17 9
18 0
18 1
18 2
18 3
18 4
18 9
18 18
18 19
18 20
18 21
18 22
18 23
18 24
18 25
18 26
18 27
19 0
19 1
19 2
19 3
19 4
19 9
19 18
19 27
20 0
20 1
20 2
20 3
20 4
20 5
20 18
20 20
20 21
20 22
20 23
20 24
20 27
21 0
21 1
21 2
21 3
21 4
21 5
21 17
21 18
21 20
21 21
21 22
21 23
21 24
21 27
22 0
22 1
22 2
22 3
22 4
22 5
22 13
22 17
22 18
22 19
22 20
22 21
22 22
22 23
22 24
22 25
22 27
23 0
23 1
23 2
23 3
23 4
23 5
23 18
23 19
23 20
23 21
23 22
23 23
23 24
23 25
23 27
24 0
24 1
24 2
24 3
24 4
24 5
24 18
24 19
24 20
24 21
24 22
24 23
24 24
24 25
24 27
25 0
25 1
25 2
25 3
25 4
25 5
25 9
25 10
25 17
25 18
25 19
25 20
25 21
25 22
25 23
25 24
25 25
25 27
26 3
26 4
26 9
26 18
26 19
26 20
26 21
26 22
26 23
26 24
26 25
26 27
27 9
27 18
27 19
27 20
27 21
27 22
27 23
27 24
27 25
27 27
28 9
28 18
28 27
29 2
29 3
29 9
29 18
29 27
