0 0
0 1
0 2
0 3
0 9
0 18
0 27
1 0
1 1
1 2
1 3
1 7
1 9
1 18
1 25
1 27
2 0
2 1
2 2
2 3
2 7
2 9
2 18
2 25
2 27
3 0
3 1
3 2
3 3
3 9
3 18
3 23
3 24
3 25
3 26
3 27
4 9
5 0
5 1
5 2
5 3
5 4
5 5
5 6
5 7
5 8
5 9
6 18
9 13
10 4
10 5
10 6
10 7
10 8
10 9
10 10
10 11
10 12
10 13
10 17
10 18
10 19
10 20
10 21
10 22
11 4
11 10
11 22
12 4
12 22
13 4
13 7
13 8
13 9
13 10
13 11
13 12
13 22
14 4
14 6
14 7
14 8
14 9
14 10
14 11
14 12
14 22
15 4
15 6
15 7
15 8
15 9
15 10
15 11
15 12
15 19
15 22
16 4
16 6
16 7
16 8
16 9
16 10
16 11
16 12
16 19
16 22
17 4
17 6
17 7
17 8
17 9
17 10
17 11
17 12
17 22
18 4
18 6
18 7
18 8
18 9
18 10
18 11
18 12
18 22
19 4
19 7
19 8
19 9
19 10
19 11
19 16
19 17
19 22
20 4
20 14
20 15
20 16
20 17
20 18
20 22
21 4
21 14
21 15
21 16
21 17
21 18
21 22
22 4
22 14
22 15
22 16
22 17
22 18
22 22
23 4
23 14
23 15
23 16
23 17
23 18
23 22
24 4
24 22
25 4
25 5
25 6
25 7
25 8
25 11
25 12
25 13
25 14
25 15
25 16
25 17
25 18
25 19
25 20
25 21
25 22
