0 25
0 26
2 17
2 18
2 19
3 16
3 17
3 18
3 19
3 20
3 25
3 26
4 16
4 17
4 18
4 19
4 20
4 24
4 25
4 26
4 27
5 0
5 1
5 2
5 3
5 4
5 5
5 16
5 17
5 18
5 19
5 20
5 23
5 24
5 25
5 26
5 27
5 28
6 2
6 3
6 4
6 5
6 16
6 17
6 18
6 19
6 20
6 23
6 24
6 25
6 26
6 27
6 28
7 5
7 16
7 17
7 18
7 19
7 20
7 21
7 22
7 23
7 24
7 25
7 26
7 27
7 28
8 5
8 17
8 18
8 19
8 20
8 21
8 22
8 23
8 24
8 25
8 26
8 27
8 28
9 5
9 18
9 19
9 20
9 21
9 22
9 23
9 24
9 25
9 26
9 27
9 28
10 17
10 18
10 19
10 20
10 21
10 22
10 23
10 24
10 25
10 26
10 27
11 17
11 18
11 19
11 20
11 21
11 22
11 23
11 24
11 25
11 26
11 27
12 5
12 17
12 18
12 19
12 20
12 21
12 22
12 23
12 24
12 25
12 26
12 27
13 0
13 5
13 16
13 17
13 18
13 19
13 20
13 21
13 22
13 23
13 24
13 25
13 26
13 27
13 28
14 0
14 5
14 16
14 17
14 18
14 19
14 20
14 21
14 22
14 23
14 24
14 25
14 26
14 27
14 28
15 5
15 16
15 17
15 18
15 19
15 20
15 21
15 22
15 23
15 24
15 25
15 26
15 27
15 28
16 5
16 11
16 12
16 16
16 17
16 18
16 19
16 20
16 21
16 22
16 23
16 24
16 25
16 26
16 27
16 28
17 5
17 16
17 17
17 18
17 19
17 20
17 21
17 22
17 23
17 24
17 25
17 26
17 27
17 28
18 5
18 16
18 17
18 18
18 19
18 20
18 21
18 22
18 23
18 24
18 25
18 26
18 27
18 28
19 5
19 16
19 17
19 18
19 19
19 20
19 21
19 22
19 23
19 24
19 25
19 26
19 27
19 28
20 5
20 17
20 18
20 19
20 20
20 21
20 22
20 23
20 24
20 25
20 26
20 27
21 5
21 17
21 18
21 19
21 20
21 21
21 22
21 23
21 24
21 25
21 26
21 27
22 2
22 3
22 5
22 17
22 18
22 19
22 20
22 21
22 22
22 23
22 24
22 25
22 26
22 27
23 0
23 1
23 2
23 3
23 5
23 18
23 19
23 20
23 21
23 22
23 23
23 24
23 25
23 26
24 0
24 1
24 2
24 3
24 5
24 13
24 14
24 19
24 20
24 21
24 22
24 23
24 24
24 25
25 0
25 1
25 2
25 3
25 5
25 20
25 21
25 22
25 23
25 24
26 0
26 1
26 2
26 3
26 5
27 0
27 1
27 2
27 3
27 5
27 14
27 15
27 16
27 26
27 27
28 0
28 1
28 2
28 3
28 4
28 5
28 18
28 19
