0 0
0 1
0 2
0 3
0 4
0 5
0 6
1 2
1 3
1 4
1 5
1 6
2 2
2 3
2 4
2 5
2 6
3 2
3 3
3 4
3 5
3 6
4 2
4 3
4 4
4 5
4 6
5 2
5 3
5 4
5 5
5 6
6 2
6 3
6 4
6 5
6 6
7 2
7 3
7 4
7 5
7 6
8 2
8 3
8 4
8 5
8 6
9 10
10 10
11 10
12 10
13 10
13 25
13 26
14 10
14 25
14 26
15 10
16 10
17 0
17 1
17 2
17 3
17 4
17 5
17 6
18 2
18 3
18 4
18 5
18 6
19 0
19 2
19 3
19 4
19 5
19 6
20 2
20 3
20 4
20 5
20 6
21 0
21 1
21 2
21 3
21 4
21 5
21 6
22 2
22 3
22 4
22 5
22 6
23 2
23 3
23 4
23 5
23 6
24 0
24 1
24 2
24 3
24 4
24 5
24 6
24 18
24 19
