0 0
0 1
0 2
0 3
0 4
0 16
1 0
1 1
1 2
1 16
2 0
2 1
2 2
2 3
2 4
2 16
2 17
2 18
2 19
2 20
2 21
2 22
3 0
3 1
3 2
3 3
3 4
3 18
3 19
3 22
4 0
4 1
4 2
4 3
4 4
4 22
5 22
6 4
6 22
7 0
7 1
7 2
7 22
7 29
8 0
8 1
8 2
8 3
8 4
8 5
8 8
8 22
8 28
8 29
9 0
9 1
9 2
9 3
9 4
9 5
9 8
9 9
9 10
9 11
9 12
9 13
9 14
9 15
9 22
9 23
9 24
9 25
9 28
9 29
10 0
10 1
10 2
10 3
10 4
10 5
10 8
10 9
10 10
10 11
10 12
10 13
10 14
10 15
10 16
10 17
10 18
10 19
10 20
10 21
10 22
10 23
10 24
10 25
10 28
10 29
11 0
11 1
11 2
11 3
11 4
11 5
11 8
11 9
11 10
11 11
11 12
11 13
11 14
11 15
11 16
11 17
11 20
11 21
11 22
11 23
11 24
11 25
11 28
11 29
12 1
12 2
12 3
12 4
12 5
12 8
12 9
12 10
12 11
12 12
12 13
12 14
12 15
12 16
12 17
12 20
12 21
12 22
12 23
12 24
12 25
12 28
12 29
13 8
13 12
13 13
13 14
13 15
13 16
13 17
13 20
13 21
13 22
13 23
13 24
13 25
13 28
13 29
14 0
14 1
14 2
14 3
14 4
14 14
14 15
14 16
14 17
14 20
14 21
14 22
14 23
14 24
14 25
14 28
14 29
15 0
15 1
15 2
15 17
15 18
15 20
15 21
15 22
15 23
15 24
15 25
15 28
15 29
16 0
16 1
16 2
16 3
16 4
16 18
16 19
16 20
16 21
16 22
16 23
16 24
16 25
16 28
16 29
17 0
17 1
17 2
17 3
17 4
17 11
17 12
17 13
17 14
17 15
17 16
17 17
17 18
17 19
17 20
17 22
17 23
17 24
17 25
17 28
17 29
18 0
18 1
18 2
18 3
18 4
18 5
18 7
18 8
18 9
18 10
18 11
18 14
18 15
18 16
18 17
18 18
18 19
18 20
18 22
18 23
18 24
18 25
18 28
18 29
19 11
19 14
19 15
19 16
19 17
19 18
19 19
19 20
19 22
19 28
19 29
20 11
20 14
20 15
20 16
20 17
20 18
20 22
21 4
21 6
21 11
21 14
21 15
21 16
21 17
21 18
21 19
21 20
21 22
22 4
22 5
22 6
22 7
22 8
22 9
22 10
22 11
22 14
22 15
22 16
22 17
22 18
22 19
22 20
22 22
23 4
23 6
23 11
23 14
23 15
23 16
23 17
23 18
23 19
23 20
23 22
24 11
24 14
24 15
24 16
24 17
24 18
24 19
24 20
24 22
25 11
25 22
26 11
26 22
27 4
27 5
27 6
27 7
27 8
27 9
27 10
27 11
27 12
27 13
27 22
28 7
28 11
28 12
28 13
28 14
28 15
28 16
28 17
28 18
28 21
28 22
