0 6
0 7
0 8
0 9
0 10
0 11
0 12
0 13
0 14
0 15
0 16
0 17
0 18
0 19
0 20
0 21
0 22
0 23
0 24
0 25
0 26
0 27
1 6
1 7
1 8
1 9
1 10
1 11
1 12
1 13
1 17
1 18
1 19
1 20
1 21
1 22
1 23
1 24
1 27
2 6
2 7
2 8
2 10
2 11
2 12
2 13
2 17
2 18
2 19
2 20
2 21
2 22
2 23
2 24
2 27
3 6
3 7
3 8
3 10
3 11
3 12
3 13
3 15
3 16
3 17
3 18
3 19
3 20
3 21
3 22
3 23
3 24
3 27
4 6
4 7
4 8
4 10
4 11
4 12
4 13
4 17
4 18
4 19
4 20
4 21
4 22
4 23
4 24
4 27
5 6
5 7
5 8
5 10
5 11
5 12
5 13
5 17
5 18
5 19
5 20
5 21
5 22
5 23
5 24
5 27
6 3
6 4
6 5
6 6
6 7
6 8
6 10
6 11
6 12
6 13
6 17
6 18
6 19
6 20
6 21
6 22
7 3
7 4
7 5
7 10
7 11
7 12
7 13
7 15
7 16
7 17
7 18
7 19
7 20
7 21
7 22
8 3
8 4
8 5
8 10
8 11
8 12
8 16
8 17
8 18
8 19
8 20
8 21
8 22
9 3
9 4
9 5
9 10
9 11
9 12
9 13
9 16
9 17
9 18
9 19
9 20
9 21
9 22
10 3
10 4
10 5
10 15
10 16
10 17
10 18
10 19
10 20
10 21
11 3
11 4
11 5
11 15
11 16
11 17
11 18
11 19
11 20
11 21
12 3
12 4
12 5
12 15
12 16
12 17
12 18
12 19
12 20
12 21
13 3
13 4
13 5
13 6
13 7
13 8
13 9
13 10
13 12
13 13
13 14
13 15
13 16
13 17
13 18
13 19
13 20
13 21
13 22
13 23
13 24
13 27
14 3
14 4
14 12
14 13
14 14
14 15
14 22
14 23
14 24
14 27
15 3
15 4
15 6
15 7
15 8
15 12
15 13
15 14
15 15
15 22
15 23
15 24
15 27
16 3
16 4
16 6
16 7
16 8
16 10
16 12
16 13
16 14
16 15
16 18
16 19
16 22
16 23
16 24
16 27
17 3
17 4
17 6
17 7
17 8
17 10
17 12
17 13
17 14
17 15
17 18
17 19
17 22
17 23
17 24
17 27
18 3
18 4
18 6
18 7
18 8
18 9
18 10
18 11
18 12
18 13
18 14
18 15
18 16
18 18
18 19
18 20
18 21
18 22
18 23
18 24
18 27
19 3
19 4
19 6
19 7
19 8
19 9
19 15
19 16
19 22
19 23
19 24
19 27
20 3
20 4
20 6
20 7
20 8
20 9
20 22
20 23
20 24
20 27
21 3
21 4
21 6
21 7
21 22
21 23
21 24
21 27
22 3
22 4
22 6
22 7
22 12
22 13
22 22
22 23
22 24
22 27
23 3
23 4
23 6
23 7
23 9
23 10
23 11
23 12
23 13
23 14
23 15
23 16
23 27
24 3
24 4
24 6
24 7
24 9
24 10
24 12
24 13
24 14
24 15
24 16
24 27
25 3
25 4
25 6
25 7
25 9
25 10
25 13
25 14
25 15
25 16
25 27
26 3
26 4
26 16
26 22
26 23
26 24
26 27
27 3
27 4
27 5
27 6
27 7
27 8
27 9
27 10
27 11
27 12
27 16
27 17
27 22
27 23
27 24
27 25
27 27
28 10
28 11
28 12
28 13
28 16
28 17
28 22
28 23
28 24
28 25
28 27
29 10
29 11
29 12
29 13
29 16
29 17
29 18
29 19
29 20
29 21
29 22
29 23
29 24
29 25
29 26
29 27
