0 17
0 18
0 21
0 22
0 23
0 24
0 26
0 27
1 11
1 12
1 21
1 22
1 23
1 24
2 5
2 6
2 21
2 22
2 23
2 24
2 27
2 28
3 21
3 22
3 23
3 24
3 28
3 29
4 21
4 22
4 23
4 24
4 27
4 28
4 29
5 11
5 12
5 21
5 22
5 23
5 24
5 27
6 21
6 22
6 23
6 24
7 17
7 18
7 21
7 22
7 23
7 24
7 26
7 28
7 29
8 28
8 29
10 26
10 27
11 3
11 4
11 25
11 26
11 27
12 29
13 29
15 17
15 18
15 27
15 28
15 29
16 9
16 10
18 2
18 3
19 23
19 24
20 7
20 8
20 9
20 10
20 11
21 7
21 8
21 9
21 11
22 7
22 8
22 9
23 7
23 8
23 9
23 11
23 18
23 19
24 7
24 8
24 9
24 10
24 11
25 3
25 4
26 10
26 11
