0 18
0 19
0 20
0 21
0 22
0 23
0 24
0 25
0 26
0 27
0 28
0 29
1 1
1 8
1 19
1 20
1 21
1 22
1 23
1 24
1 25
1 26
1 27
1 28
1 29
2 19
2 20
2 21
2 22
2 23
2 24
2 25
2 26
2 27
2 28
2 29
3 20
3 21
3 22
3 23
3 24
3 25
3 26
3 27
3 28
3 29
4 22
4 23
4 24
4 25
4 26
4 27
4 28
4 29
5 25
5 26
5 27
5 28
5 29
6 27
6 28
6 29
7 28
7 29
9 5
9 9
9 25
9 26
9 27
9 28
9 29
10 14
10 24
10 25
10 26
10 27
10 28
10 29
11 7
11 23
11 24
11 25
11 26
11 27
11 28
11 29
12 22
12 23
12 24
12 25
12 26
12 27
12 28
12 29
13 22
13 23
13 24
13 25
13 26
13 27
13 28
13 29
14 22
14 23
14 24
14 25
14 26
14 27
14 28
14 29
15 25
15 26
15 27
15 28
15 29
16 28
16 29
17 22
17 23
18 23
18 24
19 24
19 25
19 26
19 27
19 28
20 9
20 23
20 24
20 25
20 26
20 27
20 28
20 29
21 14
21 23
21 24
21 25
21 26
21 27
21 28
21 29
22 7
22 23
22 24
22 25
22 26
22 27
22 28
22 29
23 23
23 24
23 25
23 26
23 27
23 28
23 29
24 22
24 23
24 24
24 25
24 26
24 27
24 28
24 29
25 22
25 23
25 24
25 25
25 26
25 27
25 28
25 29
26 22
26 23
26 24
26 25
26 26
26 27
26 28
26 29
27 21
27 22
27 23
27 24
27 25
27 26
27 27
27 28
27 29
28 21
28 22
28 23
28 24
28 25
28 26
28 27
28 28
28 29
29 20
29 21
29 22
29 23
29 24
29 25
29 26
29 27
29 28
29 29
