0 20
0 21
0 22
0 23
0 24
0 25
0 26
0 27
0 28
0 29
1 8
1 19
1 20
1 21
1 22
1 23
1 24
1 25
1 26
1 27
1 28
1 29
2 19
2 20
2 21
2 22
2 23
2 24
2 25
2 26
2 27
2 28
2 29
3 6
3 18
3 19
3 20
3 21
3 22
3 23
3 24
3 25
3 26
3 27
3 28
3 29
4 18
4 19
4 20
4 21
4 22
4 23
4 24
4 25
4 26
4 27
4 28
4 29
5 19
5 20
5 21
5 22
5 23
5 24
5 25
5 26
5 27
5 28
5 29
6 9
6 19
6 20
6 21
6 22
6 23
6 24
6 25
6 26
6 27
6 28
6 29
7 19
7 20
7 21
7 22
7 23
7 24
7 25
7 26
7 27
7 28
7 29
8 19
8 20
8 21
8 22
8 23
8 24
8 25
8 26
8 27
8 28
8 29
9 19
9 20
9 21
9 22
9 23
9 24
9 25
9 26
9 27
9 28
9 29
10 6
10 19
10 20
10 21
10 22
10 23
10 24
10 25
10 26
10 27
10 28
10 29
11 19
11 20
11 21
11 22
11 23
11 24
11 25
11 26
11 27
11 28
11 29
12 21
12 22
12 23
12 24
12 25
12 26
12 27
12 28
12 29
13 21
13 22
13 23
13 24
13 25
13 26
13 27
13 28
13 29
14 21
14 22
14 23
14 24
14 25
14 26
14 27
14 28
14 29
15 10
15 21
15 22
15 23
15 24
15 25
15 26
15 27
15 28
15 29
16 15
16 21
16 22
16 23
16 24
16 25
16 26
16 27
16 28
16 29
17 8
17 20
17 21
17 22
17 23
17 24
17 25
17 26
17 27
17 28
17 29
18 20
18 21
18 22
18 23
18 24
18 25
18 26
18 27
18 28
18 29
19 20
19 21
19 22
19 23
19 24
19 25
19 26
19 27
19 28
19 29
20 20
20 21
20 22
20 23
20 24
20 25
20 26
20 27
20 28
20 29
21 21
21 22
21 23
21 24
21 25
21 26
21 27
21 28
21 29
22 7
22 24
22 25
22 27
22 28
22 29
23 24
23 27
23 28
23 29
26 10
29 6
