7 11
7 12
7 13
7 14
7 15
7 16
7 17
7 18
7 19
7 20
7 21
8 11
8 12
8 13
8 14
8 15
8 16
8 17
8 21
9 11
9 12
9 13
9 14
9 15
9 21
10 11
10 12
10 13
10 14
10 21
11 11
11 12
11 13
11 21
12 11
12 12
12 13
12 14
12 21
13 11
13 12
13 13
13 16
13 17
13 21
13 22
14 11
14 12
14 13
14 16
14 17
15 11
15 12
15 13
15 14
15 21
15 22
16 11
16 12
16 13
16 14
16 21
17 11
17 12
17 13
17 14
17 15
17 16
17 17
17 18
17 21
18 11
18 12
18 13
18 14
18 15
18 16
18 18
18 21
19 11
19 12
19 13
19 14
19 15
19 16
19 21
20 11
20 12
20 13
20 14
20 15
20 16
20 19
20 20
20 21
21 11
21 12
21 13
21 14
21 15
21 16
21 17
21 18
21 19
21 20
21 21
