6 6
6 7
6 8
6 9
6 10
6 11
6 12
6 13
6 14
6 15
6 16
6 17
6 18
6 19
6 20
6 21
7 6
7 7
7 8
7 9
7 10
7 11
7 12
7 15
7 16
7 17
7 18
7 19
7 20
7 21
8 6
8 7
8 8
8 9
8 10
8 11
8 12
8 15
8 16
8 17
8 18
8 20
8 21
9 6
9 7
9 8
9 9
9 10
9 11
9 12
9 15
9 16
9 17
9 18
9 21
10 6
10 7
10 8
10 9
10 15
10 16
10 17
10 18
10 21
11 6
11 7
11 8
11 9
11 21
12 6
12 7
12 8
12 9
12 21
13 6
13 7
13 8
13 21
14 6
14 7
14 8
14 11
14 12
14 13
14 21
14 22
15 6
15 7
15 8
15 11
15 12
15 13
16 6
16 7
16 8
16 11
16 12
16 13
16 21
16 22
17 6
17 7
17 8
17 17
17 18
17 19
17 21
18 6
18 7
18 8
18 9
18 17
18 18
18 19
18 21
19 6
19 7
19 8
19 9
19 17
19 18
19 19
19 21
20 6
20 7
20 8
20 9
20 10
20 11
20 12
20 14
20 15
20 16
20 17
20 18
20 19
20 21
21 6
21 7
21 8
21 9
21 10
21 14
21 15
21 16
21 17
21 21
22 6
22 7
22 8
22 9
22 10
22 14
22 15
22 16
22 21
23 6
23 7
23 8
23 9
23 10
23 14
23 15
23 16
23 17
23 18
23 19
23 20
23 21
24 6
24 7
24 8
24 9
24 10
24 11
24 12
24 13
24 14
24 15
24 16
24 17
24 18
24 19
24 20
24 21
