9 8
9 9
9 10
9 11
9 12
9 13
9 14
9 15
9 16
9 17
9 18
9 19
9 20
10 8
10 9
10 10
10 11
10 13
10 14
10 17
10 18
10 20
11 8
11 9
11 10
11 11
11 13
11 14
11 17
11 18
11 20
12 8
12 9
12 10
12 11
12 13
12 14
12 17
12 18
12 20
13 8
13 9
13 10
13 11
13 20
13 21
14 8
14 9
14 10
14 11
14 12
14 13
14 14
15 8
15 9
15 10
15 14
15 20
15 21
16 8
16 9
16 10
16 11
16 14
16 17
16 18
16 20
17 8
17 9
17 10
17 11
17 14
17 17
17 18
17 20
18 8
18 9
18 10
18 11
18 17
18 18
18 20
19 8
19 9
19 10
19 11
19 12
19 13
19 14
19 15
19 16
19 17
19 18
19 19
19 20
