5 5
5 6
5 7
5 8
5 9
5 10
5 11
5 12
5 13
5 14
5 15
5 16
5 17
6 5
6 6
6 7
6 15
6 16
6 17
7 5
7 6
7 7
7 15
7 16
7 17
8 5
8 6
8 7
8 8
8 17
9 5
9 6
9 7
9 17
10 5
10 6
10 7
10 8
10 17
11 5
11 6
11 7
11 17
12 5
12 6
12 7
12 17
12 18
13 5
13 6
13 7
14 5
14 6
14 7
14 17
14 18
15 5
15 6
15 7
15 17
16 5
16 6
16 7
16 17
17 5
17 6
17 7
17 17
18 5
18 6
18 7
18 8
18 9
18 17
19 5
19 6
19 7
19 8
19 9
19 15
19 16
19 17
20 5
20 6
20 7
20 15
20 16
20 17
21 5
21 6
21 7
21 8
21 9
21 10
21 11
21 12
21 13
21 14
21 15
21 16
21 17
