0 27
0 28
0 29
1 29
2 29
5 0
6 20
7 25
8 18
10 16
10 17
10 18
10 19
10 20
10 21
10 22
10 23
10 24
10 25
10 26
10 27
10 28
10 29
11 16
11 27
11 28
11 29
12 3
12 4
12 8
12 16
12 17
12 18
12 19
13 16
13 17
13 18
13 19
14 16
15 16
15 17
15 18
15 19
15 20
16 10
16 11
16 16
16 17
16 18
16 19
16 20
17 10
17 11
17 16
17 17
17 18
17 19
18 16
18 17
18 18
18 19
18 20
19 0
19 1
19 16
20 16
21 9
21 10
21 16
24 16
25 16
26 16
26 17
26 18
26 19
26 20
27 16
27 17
27 18
27 19
27 20
28 16
28 17
28 18
28 19
29 16
29 17
29 18
29 19
29 20
