0 0
0 27
0 28
0 29
1 27
1 28
1 29
2 26
2 27
2 28
2 29
3 26
3 27
3 28
3 29
4 16
4 26
4 27
4 28
4 29
5 26
5 27
5 28
5 29
6 26
6 27
6 28
6 29
7 25
7 26
7 27
7 28
7 29
8 25
8 26
8 27
8 28
8 29
9 25
9 26
9 27
9 28
9 29
10 25
10 26
10 27
10 28
10 29
11 25
11 26
11 27
11 28
11 29
12 25
12 26
12 27
12 28
12 29
13 17
13 25
13 26
13 27
13 28
13 29
14 22
14 25
14 26
14 27
14 28
14 29
15 15
15 25
15 26
15 27
15 28
15 29
16 25
16 26
16 27
16 28
16 29
17 25
17 26
17 27
17 28
17 29
18 25
18 26
18 27
18 28
18 29
19 24
19 25
19 26
19 27
19 28
19 29
20 13
20 24
20 25
20 26
20 27
20 28
20 29
21 24
21 25
21 26
21 27
21 28
21 29
22 24
22 25
22 26
22 27
22 28
22 29
23 24
23 25
23 26
23 27
23 28
23 29
24 24
24 25
24 26
24 27
24 28
24 29
25 14
25 24
25 25
25 26
25 27
25 28
25 29
26 24
26 25
26 26
26 27
26 28
26 29
27 23
27 24
27 25
27 26
27 27
27 28
27 29
28 23
28 24
28 25
28 26
28 27
28 28
28 29
29 23
29 24
29 25
29 26
29 27
29 28
29 29
