0 28
0 29
1 27
1 28
1 29
2 27
2 28
2 29
3 27
3 28
3 29
4 7
4 8
4 27
4 28
4 29
5 7
5 8
5 9
5 10
5 11
5 28
5 29
6 5
6 6
6 7
6 8
6 9
6 10
6 11
6 12
6 13
6 28
6 29
7 3
7 4
7 5
7 6
7 7
7 8
7 9
7 10
7 11
7 12
7 13
7 14
7 28
7 29
8 2
8 3
8 4
8 5
8 6
8 7
8 8
8 9
8 10
8 11
8 12
8 13
8 14
8 15
8 24
8 25
8 28
8 29
9 2
9 3
9 4
9 5
9 6
9 7
9 8
9 9
9 10
9 11
9 12
9 13
9 14
9 15
9 28
9 29
10 2
10 3
10 4
10 5
10 6
10 7
10 8
10 9
10 10
10 11
10 12
10 13
10 14
10 15
10 16
10 17
10 28
10 29
11 3
11 4
11 5
11 6
11 7
11 8
11 9
11 10
11 11
11 12
11 13
11 14
11 15
11 16
11 17
11 28
11 29
12 4
12 5
12 6
12 7
12 8
12 9
12 10
12 11
12 12
12 13
12 14
12 15
12 16
12 17
12 29
13 5
13 6
13 7
13 8
13 9
13 10
13 11
13 12
13 13
13 14
13 15
13 16
13 17
14 6
14 7
14 8
14 9
14 10
14 11
14 12
14 13
14 14
14 15
14 16
14 17
14 29
15 7
15 8
15 9
15 10
15 11
15 12
15 13
15 14
15 15
15 16
15 17
15 28
15 29
16 12
16 13
16 14
16 15
16 16
16 17
16 27
16 28
16 29
17 12
17 13
17 14
17 15
17 16
17 27
17 28
17 29
18 27
18 28
18 29
19 28
19 29
20 28
20 29
21 29
22 4
22 5
22 29
23 29
24 29
25 28
25 29
26 25
26 26
26 28
26 29
27 28
27 29
28 28
28 29
29 28
29 29
