0 0
0 2
0 5
0 27
0 28
0 29
1 0
1 1
1 2
1 5
1 27
1 28
1 29
2 0
2 1
2 2
2 5
2 27
2 28
2 29
3 0
3 2
3 5
3 27
3 28
3 29
4 0
4 2
4 5
4 27
4 28
4 29
5 0
5 2
5 5
5 27
5 28
5 29
6 0
6 2
6 5
6 29
7 0
7 2
7 5
7 29
8 0
8 2
8 4
8 5
8 29
9 0
9 2
9 4
9 5
9 14
9 29
10 0
10 2
10 5
10 27
10 28
10 29
11 0
11 2
11 5
11 28
11 29
12 0
12 2
12 5
12 19
12 28
12 29
13 0
13 2
13 5
13 27
13 28
13 29
14 0
14 2
14 27
14 28
14 29
15 0
15 2
15 5
15 27
15 28
15 29
16 0
16 2
16 5
16 27
16 28
16 29
17 0
17 1
17 2
17 5
17 26
17 27
17 28
17 29
18 0
18 1
18 2
18 5
18 26
18 27
18 28
18 29
19 0
19 1
19 2
19 5
19 23
19 24
19 25
19 26
20 0
20 1
20 2
20 5
20 24
20 25
20 26
20 28
20 29
21 0
21 1
21 2
21 5
21 15
21 16
21 24
21 25
21 26
21 28
21 29
22 0
22 1
22 2
22 5
22 23
22 24
22 25
22 26
22 28
22 29
23 0
23 2
23 5
23 23
23 24
23 25
23 26
23 28
23 29
24 0
24 2
24 5
24 23
24 24
24 25
24 26
25 0
25 5
25 23
25 24
25 25
25 26
25 28
25 29
26 5
26 23
26 24
26 25
26 26
26 28
26 29
27 5
27 23
27 24
27 25
27 26
27 28
27 29
28 5
28 23
28 24
28 25
28 26
28 28
28 29
29 22
29 23
29 24
29 25
29 26
29 28
29 29
