0 5
0 8
0 12
0 29
1 5
1 12
1 29
2 5
2 12
2 29
3 5
3 12
3 22
3 23
3 24
3 25
3 29
4 5
4 22
4 23
4 24
4 25
4 29
5 5
5 22
5 23
5 24
5 25
5 29
6 15
6 16
6 22
6 23
6 24
6 25
6 29
7 22
7 23
7 24
7 25
7 29
8 22
8 23
8 24
8 25
8 29
9 24
9 25
9 29
10 25
10 29
11 29
12 29
13 18
13 19
13 20
13 21
13 22
13 23
13 29
14 18
14 19
14 20
14 21
14 22
14 23
14 29
15 18
15 19
15 20
15 21
15 22
15 29
16 18
16 19
16 20
16 21
16 22
16 23
16 29
17 18
17 19
17 20
17 21
17 22
17 23
17 24
17 25
17 26
17 27
17 28
17 29
18 18
18 19
18 20
18 21
18 22
18 23
18 24
18 25
18 26
18 27
18 28
18 29
19 7
19 8
19 18
19 19
19 20
19 21
19 22
19 23
19 24
19 25
19 26
19 27
19 28
19 29
20 18
20 19
20 20
20 21
20 22
20 23
20 24
20 25
20 26
20 27
20 28
20 29
21 18
21 19
21 20
21 21
21 22
21 23
21 24
21 25
21 26
21 27
21 28
21 29
22 18
22 19
22 20
22 21
22 22
22 23
22 24
22 25
22 26
22 27
22 28
22 29
23 18
23 19
23 20
23 21
23 22
23 23
23 24
23 25
23 26
23 27
23 28
23 29
24 18
24 19
24 20
24 21
24 22
24 23
24 24
24 25
24 26
24 27
24 28
24 29
25 18
25 19
25 20
25 21
25 22
25 23
25 24
25 25
25 26
25 27
25 28
25 29
26 18
26 19
26 20
26 21
26 22
26 23
26 24
26 25
26 26
26 27
26 28
26 29
27 18
27 19
27 20
27 21
27 22
27 23
27 24
27 25
27 26
27 27
27 28
27 29
28 0
28 18
28 19
28 20
28 21
28 22
28 23
28 24
28 25
28 26
28 27
28 28
28 29
29 0
29 1
29 2
29 18
29 19
29 20
29 21
29 22
29 23
29 24
29 25
29 26
29 27
29 28
29 29
