0 0
0 1
0 2
0 3
0 18
0 19
0 20
0 21
0 22
0 23
0 24
0 25
0 26
0 27
0 28
0 29
1 0
1 1
1 2
1 3
1 4
1 5
1 18
1 19
1 20
1 21
1 22
1 23
1 24
1 25
1 26
1 27
1 28
1 29
2 0
2 1
2 2
2 3
2 4
2 5
2 6
2 22
2 23
2 24
2 25
2 26
2 27
2 28
2 29
3 0
3 1
3 2
3 3
3 4
3 5
3 6
3 7
3 22
3 23
3 24
3 25
3 26
3 27
3 28
3 29
4 0
4 1
4 2
4 3
4 4
4 5
4 6
4 7
4 8
4 21
4 22
4 23
4 24
4 25
4 26
4 27
4 28
4 29
5 2
5 3
5 4
5 5
5 6
5 7
5 8
5 20
5 21
5 22
5 23
5 24
5 25
5 26
5 27
5 28
5 29
6 3
6 4
6 5
6 6
6 7
6 8
6 12
6 13
6 14
6 20
6 21
6 22
6 23
6 24
6 25
6 26
6 27
6 28
6 29
7 4
7 5
7 6
7 7
7 8
7 12
7 13
7 14
7 15
7 16
7 17
7 18
7 19
7 20
7 21
7 22
7 23
7 24
7 25
7 26
7 27
7 28
7 29
8 5
8 6
8 7
8 8
8 12
8 13
8 14
8 15
8 16
8 17
8 18
8 19
8 20
8 21
8 22
8 23
8 24
8 25
8 26
8 27
8 28
8 29
9 7
9 8
9 12
9 13
9 14
9 15
9 16
9 17
9 18
9 19
9 20
9 21
9 22
9 23
9 24
9 25
9 26
9 27
9 28
9 29
10 12
10 13
10 14
10 15
10 16
10 17
10 18
10 19
10 20
10 21
10 22
10 23
10 24
10 25
10 26
10 27
10 28
10 29
11 2
11 3
11 12
11 13
11 14
11 15
11 16
11 17
11 18
11 19
11 20
11 21
11 22
11 23
11 24
11 25
11 26
11 27
11 28
11 29
12 16
12 17
12 18
12 19
12 20
12 21
12 22
12 23
12 24
12 25
12 26
12 27
12 28
12 29
13 17
13 18
13 19
13 20
13 21
13 22
13 23
13 24
13 25
13 26
13 27
13 28
13 29
14 19
14 20
14 21
14 22
14 23
14 24
14 25
14 26
14 27
14 28
14 29
15 19
15 20
15 21
15 22
15 23
15 24
15 25
15 26
15 27
15 28
15 29
16 20
16 21
16 22
16 23
16 24
16 25
16 26
16 27
16 28
16 29
17 20
17 21
17 22
17 23
17 24
17 25
17 26
17 27
17 28
17 29
18 19
18 20
18 21
18 22
18 23
18 24
18 25
18 26
18 27
18 28
18 29
19 19
19 20
19 21
19 22
19 23
19 24
19 25
19 26
19 27
19 28
19 29
20 3
20 4
20 18
20 19
20 20
20 21
20 22
20 23
20 24
20 25
20 26
20 27
20 28
20 29
21 18
21 19
21 20
21 21
21 22
21 23
21 24
21 25
21 26
21 27
21 28
21 29
22 18
22 19
22 20
22 21
22 22
22 23
22 24
22 25
22 26
22 27
22 28
22 29
23 18
23 19
23 20
23 21
23 22
23 23
23 24
23 25
23 26
23 27
23 28
23 29
24 18
24 19
24 20
24 21
24 22
24 23
24 24
24 25
24 26
24 27
24 28
24 29
25 20
25 21
25 22
25 23
25 24
25 25
25 26
25 27
25 28
25 29
26 21
26 22
26 23
26 24
26 25
26 26
26 27
26 28
26 29
27 21
27 22
27 23
27 24
27 25
27 26
27 27
27 28
27 29
28 0
28 20
28 21
28 22
28 23
28 24
28 25
28 26
28 27
28 28
28 29
29 20
29 21
29 22
29 23
29 24
29 25
29 26
29 27
29 28
29 29
