0 0
0 1
0 2
0 3
0 4
0 5
0 6
0 7
0 8
0 9
0 10
0 11
0 12
0 13
0 14
0 17
0 18
0 19
0 21
0 23
0 24
0 25
0 26
0 27
0 29
1 0
1 1
1 2
1 3
1 4
1 5
1 6
1 7
1 8
1 9
1 10
1 11
1 12
1 13
1 17
1 18
1 21
1 23
1 24
1 25
1 26
1 27
1 29
2 0
2 1
2 2
2 3
2 4
2 5
2 6
2 7
2 8
2 9
2 10
2 11
2 12
2 13
2 14
2 17
2 18
2 19
2 21
2 26
2 27
2 29
3 0
3 1
3 2
3 3
3 4
3 5
3 6
3 7
3 8
3 9
3 10
3 11
3 12
3 13
3 14
3 17
3 18
3 19
3 21
3 23
3 24
3 29
4 0
4 1
4 2
4 3
4 4
4 5
4 6
4 7
4 8
4 9
4 10
4 11
4 12
4 13
4 14
4 17
4 18
4 19
4 21
4 23
4 24
4 29
5 0
5 1
5 2
5 3
5 4
5 5
5 6
5 7
5 8
5 9
5 10
5 12
5 13
5 14
5 17
5 18
5 19
5 21
5 29
6 0
6 1
6 2
6 3
6 4
6 5
6 6
6 7
6 8
6 9
6 12
6 13
6 14
6 17
6 18
6 19
6 21
6 29
7 0
7 1
7 2
7 3
7 4
7 5
7 6
7 7
7 8
7 9
7 10
7 12
7 13
7 14
7 18
7 19
7 21
7 29
8 0
8 1
8 2
8 3
8 4
8 5
8 6
8 7
8 8
8 9
8 10
8 12
8 13
8 14
8 18
8 19
8 21
8 25
8 26
8 27
8 29
9 0
9 1
9 2
9 3
9 4
9 5
9 6
9 7
9 8
9 9
9 12
9 13
9 14
9 17
9 18
9 19
9 21
9 25
9 26
9 27
9 29
10 0
10 1
10 2
10 3
10 4
10 5
10 6
10 8
10 9
10 10
10 12
10 13
10 14
10 17
10 18
10 19
10 21
10 25
10 26
10 27
10 29
11 0
11 1
11 2
11 3
11 4
11 5
11 8
11 9
11 10
11 12
11 13
11 14
11 17
11 18
11 19
11 21
11 25
11 26
11 27
11 29
12 0
12 1
12 2
12 3
12 4
12 5
12 8
12 9
12 12
12 13
12 14
12 17
12 18
12 19
12 21
12 25
12 26
12 27
12 29
13 0
13 1
13 2
13 3
13 4
13 8
13 9
13 10
13 13
13 14
13 17
13 18
13 19
13 21
13 25
13 26
13 27
13 29
14 0
14 1
14 2
14 3
14 4
14 5
14 8
14 9
14 10
14 13
14 14
14 17
14 18
14 19
14 21
14 25
14 26
14 27
14 29
15 0
15 1
15 2
15 3
15 4
15 5
15 8
15 9
15 12
15 13
15 14
15 17
15 18
15 19
15 21
15 23
15 26
15 27
15 29
16 0
16 1
16 2
16 3
16 4
16 8
16 9
16 10
16 12
16 13
16 14
16 17
16 18
16 19
16 21
16 25
16 26
16 29
17 0
17 1
17 2
17 3
17 8
17 9
17 10
17 12
17 13
17 14
17 17
17 18
17 19
17 29
18 0
18 1
18 2
18 3
18 4
18 8
18 9
18 12
18 13
18 18
18 19
18 29
19 0
19 1
19 2
19 3
19 4
19 8
19 9
19 10
19 14
19 17
19 18
19 19
19 29
20 0
20 1
20 2
20 3
20 14
20 28
20 29
21 0
21 1
21 2
21 3
21 20
21 21
21 29
22 0
22 1
22 2
22 3
22 29
23 0
23 1
23 2
23 29
24 0
24 1
24 2
24 8
24 10
24 29
25 0
25 1
25 2
25 9
25 29
26 0
26 1
26 2
26 7
26 8
26 9
26 11
26 29
27 0
27 1
27 8
27 9
27 10
27 29
28 0
28 1
28 2
28 7
28 8
28 9
28 11
28 29
29 0
29 1
29 2
29 9
29 23
29 24
29 25
29 29
