0 0
0 1
0 2
0 18
0 19
0 20
0 21
0 22
0 23
0 24
0 25
0 29
1 0
1 1
1 2
1 3
1 15
1 16
1 17
1 18
1 19
1 20
1 21
1 22
1 23
1 24
1 25
1 29
2 0
2 1
2 2
2 18
2 19
2 20
2 21
2 22
2 23
2 24
2 25
2 29
3 0
3 1
3 2
3 21
3 22
3 23
3 24
3 25
3 29
4 0
4 1
4 2
4 11
4 12
4 13
4 21
4 22
4 23
4 24
4 25
4 29
5 0
5 1
5 3
5 9
5 10
5 11
5 12
5 13
5 21
5 22
5 23
5 24
5 25
5 29
6 0
6 1
6 3
6 9
6 10
6 11
6 12
6 13
6 21
6 22
6 23
6 24
6 25
6 29
7 0
7 9
7 10
7 11
7 12
7 13
7 21
7 22
7 23
7 24
7 25
7 29
8 0
8 1
8 9
8 10
8 11
8 12
8 13
8 19
8 20
8 21
8 22
8 23
8 24
8 25
8 29
9 0
9 1
9 9
9 10
9 11
9 12
9 13
9 19
9 20
9 21
9 22
9 23
9 24
9 25
9 29
10 0
10 1
10 9
10 10
10 11
10 12
10 13
10 19
10 20
10 21
10 22
10 23
10 24
10 25
10 29
11 0
11 1
11 12
11 19
11 20
11 21
11 22
11 23
11 29
12 0
12 11
12 12
12 19
12 20
12 21
12 22
12 29
13 0
13 1
13 9
13 10
13 11
13 12
13 13
13 19
13 20
13 21
13 22
13 23
13 29
14 0
14 1
14 9
14 10
14 11
14 12
14 13
14 19
14 20
14 21
14 22
14 23
14 29
15 0
15 1
15 9
15 10
15 11
15 12
15 13
15 19
15 20
15 21
15 22
15 23
15 29
16 0
16 1
16 9
16 10
16 11
16 12
16 13
16 21
16 22
16 23
16 29
17 0
17 1
17 9
17 10
17 11
17 12
17 13
17 29
18 0
18 1
18 9
18 10
18 11
18 12
18 13
18 29
19 0
19 1
19 8
19 9
19 10
19 11
19 12
19 13
19 29
20 0
20 1
20 8
20 9
20 10
20 11
20 12
20 13
20 29
21 0
21 1
21 8
21 9
21 10
21 11
21 12
21 13
21 29
22 0
22 1
22 8
22 9
22 10
22 11
22 12
22 13
22 29
23 0
23 1
23 8
23 9
23 10
23 11
23 12
23 13
23 29
24 0
24 1
24 8
24 9
24 10
24 11
24 12
24 13
24 29
25 0
25 1
25 2
25 8
25 9
25 10
25 11
25 12
25 29
26 0
26 1
26 2
26 8
26 9
26 10
26 11
26 12
26 13
26 29
27 0
27 1
27 2
27 8
27 9
27 10
27 11
27 12
27 13
27 29
28 0
28 1
28 2
28 11
28 12
28 13
28 29
29 0
29 1
29 2
29 3
29 29
