6 6
6 7
6 8
6 9
6 10
6 11
6 12
6 13
6 14
6 15
6 16
6 17
6 18
6 19
6 20
6 21
6 22
6 23
7 6
7 7
7 8
7 9
7 12
7 19
7 23
8 6
8 7
8 8
8 9
8 23
8 24
9 6
9 7
9 8
9 9
9 11
9 12
9 13
10 6
10 7
10 8
10 11
10 12
10 13
11 6
11 7
11 8
11 9
11 11
11 12
11 13
11 18
11 23
11 24
12 6
12 7
12 8
12 9
12 16
12 17
12 18
12 23
13 6
13 7
13 8
13 16
13 17
13 18
13 23
14 6
14 7
14 8
14 9
14 16
14 17
14 18
14 23
15 6
15 7
15 8
15 16
15 17
15 18
15 23
16 6
16 7
16 8
16 9
16 11
16 12
16 13
16 14
16 15
16 16
16 17
16 18
16 23
17 6
17 7
17 8
17 9
17 11
17 12
17 23
17 24
18 6
18 7
18 8
18 9
18 11
18 12
18 13
18 14
19 6
19 7
19 8
19 9
19 10
19 11
19 12
19 13
19 14
20 6
20 7
20 8
20 9
20 10
20 11
20 12
20 19
20 20
20 21
20 23
20 24
21 6
21 7
21 8
21 9
21 10
21 11
21 12
21 13
21 19
21 20
21 23
22 6
22 7
22 8
22 9
22 10
22 11
22 12
22 13
22 14
22 15
22 19
22 20
22 23
23 6
23 7
23 8
23 9
23 10
23 11
23 12
23 13
23 14
23 15
23 16
23 17
23 18
23 19
23 20
23 21
23 22
23 23
