0 0
0 1
0 2
0 3
0 4
0 5
0 6
0 7
0 8
0 9
0 10
0 11
0 12
0 13
0 14
0 24
0 25
0 26
0 27
0 28
0 29
1 0
1 1
1 2
1 3
1 4
1 5
1 8
1 9
1 10
1 11
1 12
1 13
1 14
1 24
1 25
1 26
1 27
1 28
1 29
2 0
2 1
2 2
2 3
2 4
2 5
2 14
2 15
2 25
2 26
2 27
2 28
2 29
3 0
3 1
3 2
3 3
3 4
3 5
3 14
3 15
3 26
3 27
3 28
3 29
4 0
4 1
4 2
4 3
4 4
4 5
4 14
4 15
4 26
4 27
4 28
4 29
5 0
5 1
5 2
5 3
5 4
5 5
5 14
5 15
5 26
5 27
5 28
5 29
6 0
6 1
6 2
6 3
6 4
6 5
6 14
6 15
6 26
6 27
6 28
6 29
7 0
7 1
7 2
7 3
7 4
7 5
7 14
7 15
7 26
7 27
7 28
7 29
8 0
8 1
8 2
8 3
8 4
8 5
8 6
8 7
8 8
8 9
8 14
8 15
8 26
8 27
8 28
8 29
9 0
9 1
9 2
9 3
9 4
9 5
9 6
9 7
9 8
9 9
9 14
9 15
9 26
9 27
9 28
9 29
10 0
10 1
10 2
10 3
10 4
10 5
10 6
10 7
10 8
10 9
10 14
10 15
10 27
10 28
10 29
11 0
11 1
11 2
11 3
11 4
11 5
11 6
11 7
11 8
11 9
11 14
11 15
11 28
11 29
12 0
12 1
12 2
12 3
12 4
12 5
12 6
12 7
12 8
12 9
12 13
12 14
12 28
12 29
13 0
13 1
13 2
13 3
13 4
13 5
13 6
13 7
13 8
13 9
13 13
13 14
13 28
13 29
14 0
14 1
14 2
14 3
14 4
14 5
14 6
14 7
14 8
14 9
14 13
14 14
14 28
14 29
15 0
15 1
15 2
15 3
15 4
15 5
15 6
15 7
15 8
15 9
15 28
15 29
16 0
16 1
16 2
16 3
16 4
16 5
16 6
16 7
16 8
16 28
16 29
17 0
17 1
17 2
17 3
17 4
17 5
17 6
17 7
17 8
17 9
18 0
18 1
18 2
18 3
18 4
18 5
18 6
18 7
18 8
18 9
18 13
18 14
19 0
19 1
19 2
19 3
19 4
19 5
19 6
19 7
19 8
19 9
19 13
19 14
20 0
20 1
20 2
20 3
20 4
20 5
20 6
20 7
20 8
20 9
20 13
20 14
20 28
20 29
21 0
21 1
21 2
21 3
21 4
21 5
21 6
21 7
21 8
21 9
21 13
21 14
21 28
21 29
22 0
22 1
22 2
22 3
22 4
22 5
22 6
22 7
22 8
22 9
22 13
22 14
22 28
22 29
23 0
23 1
23 2
23 3
23 4
23 5
23 6
23 7
23 8
23 9
23 14
23 15
23 28
23 29
24 0
24 1
24 2
24 3
24 4
24 5
24 6
24 7
24 8
24 9
24 15
24 16
24 28
24 29
25 0
25 1
25 2
25 3
25 4
25 5
25 16
25 17
25 28
25 29
26 0
26 1
26 2
26 3
26 4
26 5
26 17
26 18
26 28
26 29
27 0
27 1
27 2
27 3
27 4
27 5
27 17
27 18
27 27
27 28
27 29
28 0
28 1
28 2
28 3
28 4
28 5
28 17
28 18
28 26
28 27
28 28
28 29
29 7
29 8
29 9
29 10
29 11
29 12
29 13
29 14
29 15
29 16
29 17
29 18
29 19
29 20
29 21
29 22
29 23
29 24
29 25
29 26
29 27
29 28
29 29
